# Frequency bin (Hz) 
  0.00000000E+00
  2.44379277E+00
  4.88758553E+00
  7.33137830E+00
  9.77517107E+00
  1.22189638E+01
  1.46627566E+01
  1.71065494E+01
  1.95503421E+01
  2.19941349E+01
  2.44379277E+01
  2.68817204E+01
  2.93255132E+01
  3.17693060E+01
  3.42130987E+01
  3.66568915E+01
  3.91006843E+01
  4.15444770E+01
  4.39882698E+01
  4.64320626E+01
  4.88758553E+01
  5.13196481E+01
  5.37634409E+01
  5.62072336E+01
  5.86510264E+01
  6.10948192E+01
  6.35386119E+01
  6.59824047E+01
  6.84261975E+01
  7.08699902E+01
  7.33137830E+01
  7.57575758E+01
  7.82013685E+01
  8.06451613E+01
  8.30889541E+01
  8.55327468E+01
  8.79765396E+01
  9.04203324E+01
  9.28641251E+01
  9.53079179E+01
  9.77517107E+01
  1.00195503E+02
  1.02639296E+02
  1.05083089E+02
  1.07526882E+02
  1.09970674E+02
  1.12414467E+02
  1.14858260E+02
  1.17302053E+02
  1.19745846E+02
  1.22189638E+02
  1.24633431E+02
  1.27077224E+02
  1.29521017E+02
  1.31964809E+02
  1.34408602E+02
  1.36852395E+02
  1.39296188E+02
  1.41739980E+02
  1.44183773E+02
  1.46627566E+02
  1.49071359E+02
  1.51515152E+02
  1.53958944E+02
  1.56402737E+02
  1.58846530E+02
  1.61290323E+02
  1.63734115E+02
  1.66177908E+02
  1.68621701E+02
  1.71065494E+02
  1.73509286E+02
  1.75953079E+02
  1.78396872E+02
  1.80840665E+02
  1.83284457E+02
  1.85728250E+02
  1.88172043E+02
  1.90615836E+02
  1.93059629E+02
  1.95503421E+02
  1.97947214E+02
  2.00391007E+02
  2.02834800E+02
  2.05278592E+02
  2.07722385E+02
  2.10166178E+02
  2.12609971E+02
  2.15053763E+02
  2.17497556E+02
  2.19941349E+02
  2.22385142E+02
  2.24828935E+02
  2.27272727E+02
  2.29716520E+02
  2.32160313E+02
  2.34604106E+02
  2.37047898E+02
  2.39491691E+02
  2.41935484E+02
  2.44379277E+02
  2.46823069E+02
  2.49266862E+02
  2.51710655E+02
  2.54154448E+02
  2.56598240E+02
  2.59042033E+02
  2.61485826E+02
  2.63929619E+02
  2.66373412E+02
  2.68817204E+02
  2.71260997E+02
  2.73704790E+02
  2.76148583E+02
  2.78592375E+02
  2.81036168E+02
  2.83479961E+02
  2.85923754E+02
  2.88367546E+02
  2.90811339E+02
  2.93255132E+02
  2.95698925E+02
  2.98142717E+02
  3.00586510E+02
  3.03030303E+02
  3.05474096E+02
  3.07917889E+02
  3.10361681E+02
  3.12805474E+02
  3.15249267E+02
  3.17693060E+02
  3.20136852E+02
  3.22580645E+02
  3.25024438E+02
  3.27468231E+02
  3.29912023E+02
  3.32355816E+02
  3.34799609E+02
  3.37243402E+02
  3.39687195E+02
  3.42130987E+02
  3.44574780E+02
  3.47018573E+02
  3.49462366E+02
  3.51906158E+02
  3.54349951E+02
  3.56793744E+02
  3.59237537E+02
  3.61681329E+02
  3.64125122E+02
  3.66568915E+02
  3.69012708E+02
  3.71456500E+02
  3.73900293E+02
  3.76344086E+02
  3.78787879E+02
  3.81231672E+02
  3.83675464E+02
  3.86119257E+02
  3.88563050E+02
  3.91006843E+02
  3.93450635E+02
  3.95894428E+02
  3.98338221E+02
  4.00782014E+02
  4.03225806E+02
  4.05669599E+02
  4.08113392E+02
  4.10557185E+02
  4.13000978E+02
  4.15444770E+02
  4.17888563E+02
  4.20332356E+02
  4.22776149E+02
  4.25219941E+02
  4.27663734E+02
  4.30107527E+02
  4.32551320E+02
  4.34995112E+02
  4.37438905E+02
  4.39882698E+02
  4.42326491E+02
  4.44770283E+02
  4.47214076E+02
  4.49657869E+02
  4.52101662E+02
  4.54545455E+02
  4.56989247E+02
  4.59433040E+02
  4.61876833E+02
  4.64320626E+02
  4.66764418E+02
  4.69208211E+02
  4.71652004E+02
  4.74095797E+02
  4.76539589E+02
  4.78983382E+02
  4.81427175E+02
  4.83870968E+02
  4.86314761E+02
  4.88758553E+02
  4.91202346E+02
  4.93646139E+02
  4.96089932E+02
  4.98533724E+02
  5.00977517E+02
  5.03421310E+02
  5.05865103E+02
  5.08308895E+02
  5.10752688E+02
  5.13196481E+02
  5.15640274E+02
  5.18084066E+02
  5.20527859E+02
  5.22971652E+02
  5.25415445E+02
  5.27859238E+02
  5.30303030E+02
  5.32746823E+02
  5.35190616E+02
  5.37634409E+02
  5.40078201E+02
  5.42521994E+02
  5.44965787E+02
  5.47409580E+02
  5.49853372E+02
  5.52297165E+02
  5.54740958E+02
  5.57184751E+02
  5.59628543E+02
  5.62072336E+02
  5.64516129E+02
  5.66959922E+02
  5.69403715E+02
  5.71847507E+02
  5.74291300E+02
  5.76735093E+02
  5.79178886E+02
  5.81622678E+02
  5.84066471E+02
  5.86510264E+02
  5.88954057E+02
  5.91397849E+02
  5.93841642E+02
  5.96285435E+02
  5.98729228E+02
  6.01173021E+02
  6.03616813E+02
  6.06060606E+02
  6.08504399E+02
  6.10948192E+02
  6.13391984E+02
  6.15835777E+02
  6.18279570E+02
  6.20723363E+02
  6.23167155E+02
  6.25610948E+02
  6.28054741E+02
  6.30498534E+02
  6.32942326E+02
  6.35386119E+02
  6.37829912E+02
  6.40273705E+02
  6.42717498E+02
  6.45161290E+02
  6.47605083E+02
  6.50048876E+02
  6.52492669E+02
  6.54936461E+02
  6.57380254E+02
  6.59824047E+02
  6.62267840E+02
  6.64711632E+02
  6.67155425E+02
  6.69599218E+02
  6.72043011E+02
  6.74486804E+02
  6.76930596E+02
  6.79374389E+02
  6.81818182E+02
  6.84261975E+02
  6.86705767E+02
  6.89149560E+02
  6.91593353E+02
  6.94037146E+02
  6.96480938E+02
  6.98924731E+02
  7.01368524E+02
  7.03812317E+02
  7.06256109E+02
  7.08699902E+02
  7.11143695E+02
  7.13587488E+02
  7.16031281E+02
  7.18475073E+02
  7.20918866E+02
  7.23362659E+02
  7.25806452E+02
  7.28250244E+02
  7.30694037E+02
  7.33137830E+02
  7.35581623E+02
  7.38025415E+02
  7.40469208E+02
  7.42913001E+02
  7.45356794E+02
  7.47800587E+02
  7.50244379E+02
  7.52688172E+02
  7.55131965E+02
  7.57575758E+02
  7.60019550E+02
  7.62463343E+02
  7.64907136E+02
  7.67350929E+02
  7.69794721E+02
  7.72238514E+02
  7.74682307E+02
  7.77126100E+02
  7.79569892E+02
  7.82013685E+02
  7.84457478E+02
  7.86901271E+02
  7.89345064E+02
  7.91788856E+02
  7.94232649E+02
  7.96676442E+02
  7.99120235E+02
  8.01564027E+02
  8.04007820E+02
  8.06451613E+02
  8.08895406E+02
  8.11339198E+02
  8.13782991E+02
  8.16226784E+02
  8.18670577E+02
  8.21114370E+02
  8.23558162E+02
  8.26001955E+02
  8.28445748E+02
  8.30889541E+02
  8.33333333E+02
  8.35777126E+02
  8.38220919E+02
  8.40664712E+02
  8.43108504E+02
  8.45552297E+02
  8.47996090E+02
  8.50439883E+02
  8.52883675E+02
  8.55327468E+02
  8.57771261E+02
  8.60215054E+02
  8.62658847E+02
  8.65102639E+02
  8.67546432E+02
  8.69990225E+02
  8.72434018E+02
  8.74877810E+02
  8.77321603E+02
  8.79765396E+02
  8.82209189E+02
  8.84652981E+02
  8.87096774E+02
  8.89540567E+02
  8.91984360E+02
  8.94428152E+02
  8.96871945E+02
  8.99315738E+02
  9.01759531E+02
  9.04203324E+02
  9.06647116E+02
  9.09090909E+02
  9.11534702E+02
  9.13978495E+02
  9.16422287E+02
  9.18866080E+02
  9.21309873E+02
  9.23753666E+02
  9.26197458E+02
  9.28641251E+02
  9.31085044E+02
  9.33528837E+02
  9.35972630E+02
  9.38416422E+02
  9.40860215E+02
  9.43304008E+02
  9.45747801E+02
  9.48191593E+02
  9.50635386E+02
  9.53079179E+02
  9.55522972E+02
  9.57966764E+02
  9.60410557E+02
  9.62854350E+02
  9.65298143E+02
  9.67741935E+02
  9.70185728E+02
  9.72629521E+02
  9.75073314E+02
  9.77517107E+02
  9.79960899E+02
  9.82404692E+02
  9.84848485E+02
  9.87292278E+02
  9.89736070E+02
  9.92179863E+02
  9.94623656E+02
  9.97067449E+02
  9.99511241E+02
  1.00195503E+03
  1.00439883E+03
  1.00684262E+03
  1.00928641E+03
  1.01173021E+03
  1.01417400E+03
  1.01661779E+03
  1.01906158E+03
  1.02150538E+03
  1.02394917E+03
  1.02639296E+03
  1.02883675E+03
  1.03128055E+03
  1.03372434E+03
  1.03616813E+03
  1.03861193E+03
  1.04105572E+03
  1.04349951E+03
  1.04594330E+03
  1.04838710E+03
  1.05083089E+03
  1.05327468E+03
  1.05571848E+03
  1.05816227E+03
  1.06060606E+03
  1.06304985E+03
  1.06549365E+03
  1.06793744E+03
  1.07038123E+03
  1.07282502E+03
  1.07526882E+03
  1.07771261E+03
  1.08015640E+03
  1.08260020E+03
  1.08504399E+03
  1.08748778E+03
  1.08993157E+03
  1.09237537E+03
  1.09481916E+03
  1.09726295E+03
  1.09970674E+03
  1.10215054E+03
  1.10459433E+03
  1.10703812E+03
  1.10948192E+03
  1.11192571E+03
  1.11436950E+03
  1.11681329E+03
  1.11925709E+03
  1.12170088E+03
  1.12414467E+03
  1.12658847E+03
  1.12903226E+03
  1.13147605E+03
  1.13391984E+03
  1.13636364E+03
  1.13880743E+03
  1.14125122E+03
  1.14369501E+03
  1.14613881E+03
  1.14858260E+03
  1.15102639E+03
  1.15347019E+03
  1.15591398E+03
  1.15835777E+03
  1.16080156E+03
  1.16324536E+03
  1.16568915E+03
  1.16813294E+03
  1.17057674E+03
  1.17302053E+03
  1.17546432E+03
  1.17790811E+03
  1.18035191E+03
  1.18279570E+03
  1.18523949E+03
  1.18768328E+03
  1.19012708E+03
  1.19257087E+03
  1.19501466E+03
  1.19745846E+03
  1.19990225E+03
  1.20234604E+03
  1.20478983E+03
  1.20723363E+03
  1.20967742E+03
  1.21212121E+03
  1.21456500E+03
  1.21700880E+03
  1.21945259E+03
  1.22189638E+03
  1.22434018E+03
  1.22678397E+03
  1.22922776E+03
  1.23167155E+03
  1.23411535E+03
  1.23655914E+03
  1.23900293E+03
  1.24144673E+03
  1.24389052E+03
  1.24633431E+03
  1.24877810E+03
  1.25122190E+03
  1.25366569E+03
  1.25610948E+03
  1.25855327E+03
  1.26099707E+03
  1.26344086E+03
  1.26588465E+03
  1.26832845E+03
  1.27077224E+03
  1.27321603E+03
  1.27565982E+03
  1.27810362E+03
  1.28054741E+03
  1.28299120E+03
  1.28543500E+03
  1.28787879E+03
  1.29032258E+03
  1.29276637E+03
  1.29521017E+03
  1.29765396E+03
  1.30009775E+03
  1.30254154E+03
  1.30498534E+03
  1.30742913E+03
  1.30987292E+03
  1.31231672E+03
  1.31476051E+03
  1.31720430E+03
  1.31964809E+03
  1.32209189E+03
  1.32453568E+03
  1.32697947E+03
  1.32942326E+03
  1.33186706E+03
  1.33431085E+03
  1.33675464E+03
  1.33919844E+03
  1.34164223E+03
  1.34408602E+03
  1.34652981E+03
  1.34897361E+03
  1.35141740E+03
  1.35386119E+03
  1.35630499E+03
  1.35874878E+03
  1.36119257E+03
  1.36363636E+03
  1.36608016E+03
  1.36852395E+03
  1.37096774E+03
  1.37341153E+03
  1.37585533E+03
  1.37829912E+03
  1.38074291E+03
  1.38318671E+03
  1.38563050E+03
  1.38807429E+03
  1.39051808E+03
  1.39296188E+03
  1.39540567E+03
  1.39784946E+03
  1.40029326E+03
  1.40273705E+03
  1.40518084E+03
  1.40762463E+03
  1.41006843E+03
  1.41251222E+03
  1.41495601E+03
  1.41739980E+03
  1.41984360E+03
  1.42228739E+03
  1.42473118E+03
  1.42717498E+03
  1.42961877E+03
  1.43206256E+03
  1.43450635E+03
  1.43695015E+03
  1.43939394E+03
  1.44183773E+03
  1.44428152E+03
  1.44672532E+03
  1.44916911E+03
  1.45161290E+03
  1.45405670E+03
  1.45650049E+03
  1.45894428E+03
  1.46138807E+03
  1.46383187E+03
  1.46627566E+03
  1.46871945E+03
  1.47116325E+03
  1.47360704E+03
  1.47605083E+03
  1.47849462E+03
  1.48093842E+03
  1.48338221E+03
  1.48582600E+03
  1.48826979E+03
  1.49071359E+03
  1.49315738E+03
  1.49560117E+03
  1.49804497E+03
  1.50048876E+03
  1.50293255E+03
  1.50537634E+03
  1.50782014E+03
  1.51026393E+03
  1.51270772E+03
  1.51515152E+03
  1.51759531E+03
  1.52003910E+03
  1.52248289E+03
  1.52492669E+03
  1.52737048E+03
  1.52981427E+03
  1.53225806E+03
  1.53470186E+03
  1.53714565E+03
  1.53958944E+03
  1.54203324E+03
  1.54447703E+03
  1.54692082E+03
  1.54936461E+03
  1.55180841E+03
  1.55425220E+03
  1.55669599E+03
  1.55913978E+03
  1.56158358E+03
  1.56402737E+03
  1.56647116E+03
  1.56891496E+03
  1.57135875E+03
  1.57380254E+03
  1.57624633E+03
  1.57869013E+03
  1.58113392E+03
  1.58357771E+03
  1.58602151E+03
  1.58846530E+03
  1.59090909E+03
  1.59335288E+03
  1.59579668E+03
  1.59824047E+03
  1.60068426E+03
  1.60312805E+03
  1.60557185E+03
  1.60801564E+03
  1.61045943E+03
  1.61290323E+03
  1.61534702E+03
  1.61779081E+03
  1.62023460E+03
  1.62267840E+03
  1.62512219E+03
  1.62756598E+03
  1.63000978E+03
  1.63245357E+03
  1.63489736E+03
  1.63734115E+03
  1.63978495E+03
  1.64222874E+03
  1.64467253E+03
  1.64711632E+03
  1.64956012E+03
  1.65200391E+03
  1.65444770E+03
  1.65689150E+03
  1.65933529E+03
  1.66177908E+03
  1.66422287E+03
  1.66666667E+03
  1.66911046E+03
  1.67155425E+03
  1.67399804E+03
  1.67644184E+03
  1.67888563E+03
  1.68132942E+03
  1.68377322E+03
  1.68621701E+03
  1.68866080E+03
  1.69110459E+03
  1.69354839E+03
  1.69599218E+03
  1.69843597E+03
  1.70087977E+03
  1.70332356E+03
  1.70576735E+03
  1.70821114E+03
  1.71065494E+03
  1.71309873E+03
  1.71554252E+03
  1.71798631E+03
  1.72043011E+03
  1.72287390E+03
  1.72531769E+03
  1.72776149E+03
  1.73020528E+03
  1.73264907E+03
  1.73509286E+03
  1.73753666E+03
  1.73998045E+03
  1.74242424E+03
  1.74486804E+03
  1.74731183E+03
  1.74975562E+03
  1.75219941E+03
  1.75464321E+03
  1.75708700E+03
  1.75953079E+03
  1.76197458E+03
  1.76441838E+03
  1.76686217E+03
  1.76930596E+03
  1.77174976E+03
  1.77419355E+03
  1.77663734E+03
  1.77908113E+03
  1.78152493E+03
  1.78396872E+03
  1.78641251E+03
  1.78885630E+03
  1.79130010E+03
  1.79374389E+03
  1.79618768E+03
  1.79863148E+03
  1.80107527E+03
  1.80351906E+03
  1.80596285E+03
  1.80840665E+03
  1.81085044E+03
  1.81329423E+03
  1.81573803E+03
  1.81818182E+03
  1.82062561E+03
  1.82306940E+03
  1.82551320E+03
  1.82795699E+03
  1.83040078E+03
  1.83284457E+03
  1.83528837E+03
  1.83773216E+03
  1.84017595E+03
  1.84261975E+03
  1.84506354E+03
  1.84750733E+03
  1.84995112E+03
  1.85239492E+03
  1.85483871E+03
  1.85728250E+03
  1.85972630E+03
  1.86217009E+03
  1.86461388E+03
  1.86705767E+03
  1.86950147E+03
  1.87194526E+03
  1.87438905E+03
  1.87683284E+03
  1.87927664E+03
  1.88172043E+03
  1.88416422E+03
  1.88660802E+03
  1.88905181E+03
  1.89149560E+03
  1.89393939E+03
  1.89638319E+03
  1.89882698E+03
  1.90127077E+03
  1.90371457E+03
  1.90615836E+03
  1.90860215E+03
  1.91104594E+03
  1.91348974E+03
  1.91593353E+03
  1.91837732E+03
  1.92082111E+03
  1.92326491E+03
  1.92570870E+03
  1.92815249E+03
  1.93059629E+03
  1.93304008E+03
  1.93548387E+03
  1.93792766E+03
  1.94037146E+03
  1.94281525E+03
  1.94525904E+03
  1.94770283E+03
  1.95014663E+03
  1.95259042E+03
  1.95503421E+03
  1.95747801E+03
  1.95992180E+03
  1.96236559E+03
  1.96480938E+03
  1.96725318E+03
  1.96969697E+03
  1.97214076E+03
  1.97458456E+03
  1.97702835E+03
  1.97947214E+03
  1.98191593E+03
  1.98435973E+03
  1.98680352E+03
  1.98924731E+03
  1.99169110E+03
  1.99413490E+03
  1.99657869E+03
  1.99902248E+03
  2.00146628E+03
  2.00391007E+03
  2.00635386E+03
  2.00879765E+03
  2.01124145E+03
  2.01368524E+03
  2.01612903E+03
  2.01857283E+03
  2.02101662E+03
  2.02346041E+03
  2.02590420E+03
  2.02834800E+03
  2.03079179E+03
  2.03323558E+03
  2.03567937E+03
  2.03812317E+03
  2.04056696E+03
  2.04301075E+03
  2.04545455E+03
  2.04789834E+03
  2.05034213E+03
  2.05278592E+03
  2.05522972E+03
  2.05767351E+03
  2.06011730E+03
  2.06256109E+03
  2.06500489E+03
  2.06744868E+03
  2.06989247E+03
  2.07233627E+03
  2.07478006E+03
  2.07722385E+03
  2.07966764E+03
  2.08211144E+03
  2.08455523E+03
  2.08699902E+03
  2.08944282E+03
  2.09188661E+03
  2.09433040E+03
  2.09677419E+03
  2.09921799E+03
  2.10166178E+03
  2.10410557E+03
  2.10654936E+03
  2.10899316E+03
  2.11143695E+03
  2.11388074E+03
  2.11632454E+03
  2.11876833E+03
  2.12121212E+03
  2.12365591E+03
  2.12609971E+03
  2.12854350E+03
  2.13098729E+03
  2.13343109E+03
  2.13587488E+03
  2.13831867E+03
  2.14076246E+03
  2.14320626E+03
  2.14565005E+03
  2.14809384E+03
  2.15053763E+03
  2.15298143E+03
  2.15542522E+03
  2.15786901E+03
  2.16031281E+03
  2.16275660E+03
  2.16520039E+03
  2.16764418E+03
  2.17008798E+03
  2.17253177E+03
  2.17497556E+03
  2.17741935E+03
  2.17986315E+03
  2.18230694E+03
  2.18475073E+03
  2.18719453E+03
  2.18963832E+03
  2.19208211E+03
  2.19452590E+03
  2.19696970E+03
  2.19941349E+03
  2.20185728E+03
  2.20430108E+03
  2.20674487E+03
  2.20918866E+03
  2.21163245E+03
  2.21407625E+03
  2.21652004E+03
  2.21896383E+03
  2.22140762E+03
  2.22385142E+03
  2.22629521E+03
  2.22873900E+03
  2.23118280E+03
  2.23362659E+03
  2.23607038E+03
  2.23851417E+03
  2.24095797E+03
  2.24340176E+03
  2.24584555E+03
  2.24828935E+03
  2.25073314E+03
  2.25317693E+03
  2.25562072E+03
  2.25806452E+03
  2.26050831E+03
  2.26295210E+03
  2.26539589E+03
  2.26783969E+03
  2.27028348E+03
  2.27272727E+03
  2.27517107E+03
  2.27761486E+03
  2.28005865E+03
  2.28250244E+03
  2.28494624E+03
  2.28739003E+03
  2.28983382E+03
  2.29227761E+03
  2.29472141E+03
  2.29716520E+03
  2.29960899E+03
  2.30205279E+03
  2.30449658E+03
  2.30694037E+03
  2.30938416E+03
  2.31182796E+03
  2.31427175E+03
  2.31671554E+03
  2.31915934E+03
  2.32160313E+03
  2.32404692E+03
  2.32649071E+03
  2.32893451E+03
  2.33137830E+03
  2.33382209E+03
  2.33626588E+03
  2.33870968E+03
  2.34115347E+03
  2.34359726E+03
  2.34604106E+03
  2.34848485E+03
  2.35092864E+03
  2.35337243E+03
  2.35581623E+03
  2.35826002E+03
  2.36070381E+03
  2.36314761E+03
  2.36559140E+03
  2.36803519E+03
  2.37047898E+03
  2.37292278E+03
  2.37536657E+03
  2.37781036E+03
  2.38025415E+03
  2.38269795E+03
  2.38514174E+03
  2.38758553E+03
  2.39002933E+03
  2.39247312E+03
  2.39491691E+03
  2.39736070E+03
  2.39980450E+03
  2.40224829E+03
  2.40469208E+03
  2.40713587E+03
  2.40957967E+03
  2.41202346E+03
  2.41446725E+03
  2.41691105E+03
  2.41935484E+03
  2.42179863E+03
  2.42424242E+03
  2.42668622E+03
  2.42913001E+03
  2.43157380E+03
  2.43401760E+03
  2.43646139E+03
  2.43890518E+03
  2.44134897E+03
  2.44379277E+03
  2.44623656E+03
  2.44868035E+03
  2.45112414E+03
  2.45356794E+03
  2.45601173E+03
  2.45845552E+03
  2.46089932E+03
  2.46334311E+03
  2.46578690E+03
  2.46823069E+03
  2.47067449E+03
  2.47311828E+03
  2.47556207E+03
  2.47800587E+03
  2.48044966E+03
  2.48289345E+03
  2.48533724E+03
  2.48778104E+03
  2.49022483E+03
  2.49266862E+03
  2.49511241E+03
  2.49755621E+03
  2.50000000E+03
