# time bin (s) 
  5.20000000E-02
  6.20000000E-02
  7.20000000E-02
  8.20000000E-02
  9.20000000E-02
  1.02000000E-01
  1.12000000E-01
  1.22000000E-01
  1.32000000E-01
  1.42000000E-01
  1.52000000E-01
  1.62000000E-01
  1.72000000E-01
  1.82000000E-01
  1.92000000E-01
  2.02000000E-01
  2.12000000E-01
  2.22000000E-01
  2.32000000E-01
  2.42000000E-01
  2.52000000E-01
  2.62000000E-01
  2.72000000E-01
  2.82000000E-01
  2.92000000E-01
  3.02000000E-01
  3.12000000E-01
  3.22000000E-01
  3.32000000E-01
  3.42000000E-01
  3.52000000E-01
  3.62000000E-01
  3.72000000E-01
  3.82000000E-01
  3.92000000E-01
  4.02000000E-01
  4.12000000E-01
  4.22000000E-01
  4.32000000E-01
  4.42000000E-01
  4.52000000E-01
  4.62000000E-01
  4.72000000E-01
  4.82000000E-01
  4.92000000E-01
  5.02000000E-01
  5.12000000E-01
  5.22000000E-01
  5.32000000E-01
  5.42000000E-01
  5.52000000E-01
  5.62000000E-01
  5.72000000E-01
  5.82000000E-01
  5.92000000E-01
  6.02000000E-01
  6.12000000E-01
  6.22000000E-01
  6.32000000E-01
  6.42000000E-01
  6.52000000E-01
  6.62000000E-01
  6.72000000E-01
  6.82000000E-01
  6.92000000E-01
