# time bin (s) 
  4.18000000E-02
  5.18000000E-02
  6.18000000E-02
  7.18000000E-02
  8.18000000E-02
  9.18000000E-02
  1.01800000E-01
  1.11800000E-01
  1.21800000E-01
  1.31800000E-01
  1.41800000E-01
  1.51800000E-01
  1.61800000E-01
  1.71800000E-01
  1.81800000E-01
  1.91800000E-01
  2.01800000E-01
  2.11800000E-01
  2.21800000E-01
  2.31800000E-01
  2.41800000E-01
  2.51800000E-01
  2.61800000E-01
  2.71800000E-01
  2.81800000E-01
  2.91800000E-01
  3.01800000E-01
  3.11800000E-01
  3.21800000E-01
  3.31800000E-01
  3.41800000E-01
  3.51800000E-01
  3.61800000E-01
  3.71800000E-01
  3.81800000E-01
  3.91800000E-01
  4.01800000E-01
  4.11800000E-01
  4.21800000E-01
  4.31800000E-01
  4.41800000E-01
